010000101011001110001101001
010000100110011000100010100
010000011110111000111101100
010000101001101101000100111
010000100011100011000101011
010000101011011100101111100
010000101011111110101001000
010000101100001110101001110
010000100000001001100111011
010000011110010100001100100
010000101010101010000111000
010000101001000111111011111
010000010110111001011101001
010000011101010000110000010
010000010001110001001111000
010000100110011010111110100
010000001010101000100111000
010000100011011110011011001
010000101000100000011100000
010000101000111010010111101
010000100000100100011000010
010000100100010111001011001
010000100001101010001101011
010000001101000000100110100
010000101000000000101000110
010000101010100101001010100
010000100000111001010010111
010000100010111101000011101
010000100000111101100110111
010000101010101110100110100
010000101001110010101010001
010000100000000100100000011
010000101000111100111010000
010000001000110000001011010
010000100001001010000011010
010000101010010100110100111
010000101011100011111010001
010000101011001001100110111
010000100011011100010000001
010000100011101010011100001
010000101010010010111111000
010000011110011111000011101
010000011111000111101001111
010000101001111111010000010
010000010011111101000001110
010000101010101110100101011
010000100001010101111110000
010000101100010100101110110
010000011001011010110100001
010000100001011101100001100
010000010100001100101100110
010000000100010101111110111
010000100000100000000110000
010000101000011101000010111
010000101000100111000011100
010000100010100001010010010
010000100111011110110000000
010000101000010111001100000
001111101101011010000100110
010000100001100111110110101
010000100110011100011001101
010000100011100101111011001
010000011000100000001010111
010000100001111010011110011
010000011111110001001010100
010000100111111000110000101
010000101011111110101011111
010000101000010111010010110
010000100001101111111010001
010000100010110000111011010
010000011010101110101101111
010000100000111000100010111
010000101000000000001000101
010000100011000101101011110
010000101000010010110000111
010000001100010000101110101
010000101010001000000010101
010000100001100010101001001
010000101100000001010000110
010000001110110110010111010
010000100110111011111000110
010000100011111100011101100
010000010100011011110010100
010000011001001001000000100
010000101010010001011001000
010000011010111000101011001
010000101001101001011010110
010000101011001101110101000
010000100010110000100000110
010000011111100110101011100
010000100010111111111110110
010000101000001000100110101
010000101010010011111011011
010000101011010000111010000
010000100011000111110001111
010000100100010100010011101
010000011111111111010111100
010000100101011101100111111
010000101010011000001101011
010000101001111001110101111
