89.775666
57.533754
29.780062
77.634649
46.192870
91.592851
95.830123
97.831552
32.600998
28.631156
85.263859
72.992135
14.897756
26.523612
9.769300
57.686065
5.317272
45.901529
68.054718
71.296181
34.273760
49.448459
38.638110
6.504714
64.079676
84.645614
35.580976
43.816108
35.850513
85.825201
78.332435
32.281670
71.613524
4.376376
36.628244
82.603312
92.488582
89.201045
45.765839
46.652498
82.373195
28.970552
30.239239
79.906910
11.953571
85.823033
37.373103
98.591522
18.837982
37.845324
12.198433
3.085874
34.005901
67.630834
68.882025
42.080384
61.921893
66.898611
0.418982
38.490892
57.775054
46.370280
17.005315
39.654694
31.536382
63.547584
95.835836
66.911800
38.994337
43.057978
21.459936
35.534166
64.017056
44.355267
66.345526
6.130692
81.005128
38.165240
96.157778
7.424717
59.743027
47.778846
12.434227
18.281545
82.174040
21.771091
77.177389
89.728739
43.032029
31.208769
43.998830
65.075486
82.491116
90.113489
44.486251
49.269254
31.980235
53.851497
83.026352
79.230344
