010001110010001010111011111
010001101000010010000000011
010001011000101011000100100
010001101111001011001011010
010001100010100111001100010
010001110010100101110000110
010001110011100110011011001
010001110100000101111111101
010001011010011011111110100
010001011000000000000101000
010001110001001010101010100
010001101101011001100000011
010001001000010001001110010
010001010101101011011011111
010000111101011111011110100
010001101000010100110110011
010000101101111100111100110
010001100010011110100001100
010001101011101000011000100
010001101100110001101111111
010001011011100011110111001
010001100100001011111000000
010001011110110000101101010
010000110011000010100110001
010001101010010011000111011
010001110001000010000111101
010001011100011110100110001
010001100001100010000101010
010001011100101010111111000
010001110001010010011110110
010001101111011100110111101
010001011010001110101011001
010001101100111001000111010
010000101000110100110101001
010001011101001111010001000
010001110000100110010101010
010001110010110011001100000
010001110010000010100100000
010001100010011010100000010
010001100010110100111111001
010001110000100011001111101
010001011000001100100110010
010001011000111100101111010
010001110000000010101100011
010001000010011000111001011
010001110001010010011100110
010001011101110010110000101
010001110100010010001001100
010001001101011111110001010
010001011110001001101000101
010001000010110110001010001
010000011110101110111100000
010001011011011000000110110
010001101011011111000010011
010001101011111010110001110
010001100000110001111101001
010001101001100111000000010
010001101011001111000010111
101111100000110000111011000
010001011110101001011001000
010001101000010110100001000
010001100010101100100000000
010001001010111010000001110
010001011111100100000000110
010001011001110000001001001
010001101010001000000110001
010001110011100110100000111
010001101011001111010101010
010001011111000010100001111
010001100001001100110100010
010001010000110101110001101
010001011100011100011100111
010001101010010001110100000
010001100001110001011011111
010001101011000011000101011
010000110001101010010001101
010001110000010001000100010
010001011110011001010011100
010001110011101011100011000
010000110110110100110110100
010001101000111100000000100
010001100011010111010111111
010001000011010010111011100
010001001100101011100101010
010001110000100000100101000
010001010001000110110111011
010001101110111111101010100
010001110010001010001111110
010001100001001100000110010
010001011001100010111100110
010001100001100111010000111
010001101010100111111111100
010001110000100100110100110
010001110010001111111000010
010001100001110101001100100
010001100100000110001001101
010001011010000010001111001
010001100110011111000111001
010001110000101100000001111
010001101111110011111000000
010001101111110011111000000
