0.575338
0.776346
0.915929
0.978316
0.286312
0.729921
0.265236
0.576861
0.459015
0.712962
0.494485
0.065047
0.846456
0.438161
0.858252
0.322817
0.043764
0.826033
0.892010
0.466525
0.289706
0.799069
0.858230
0.985915
0.378453
0.030859
0.676308
0.420804
0.668986
0.384909
0.463703
0.396547
0.635476
0.669118
0.430580
0.355342
0.443553
0.061307
0.381652
0.074247
0.477788
0.182815
0.217711
0.897287
0.312088
0.650755
0.901135
0.492693
0.538515
0.792303
0.779663
0.296439
0.492462
0.875953
0.214071
0.543136
0.307104
0.745371
0.263897
0.978230
0.057024
0.144693
0.086737
0.672962
0.369304
0.036431
0.583812
0.141296
0.225880
0.295444
0.101792
0.542060
0.633252
0.752448
0.099180
0.864326
0.010399
0.749230
0.579471
0.233421
0.567613
0.461043
0.958651
0.436009
0.899454
0.610367
0.046353
0.792601
0.632342
0.680506
0.263072
0.726195
0.057558
0.263689
0.565156
0.558658
0.903069
0.535428
0.338046
0.656595
