0.897757
0.297801
0.461929
0.958301
0.326010
0.852639
0.148978
0.097693
0.053173
0.680547
0.342738
0.386381
0.640797
0.355810
0.358505
0.783324
0.716135
0.366282
0.924886
0.457658
0.823732
0.302392
0.119536
0.373731
0.188380
0.121984
0.340059
0.688820
0.619219
0.004190
0.577751
0.170053
0.315364
0.958358
0.389943
0.214599
0.640171
0.663455
0.810051
0.961578
0.597430
0.124342
0.821740
0.771774
0.430320
0.439988
0.824911
0.444863
0.319802
0.830264
0.301804
0.716667
0.651311
0.147070
0.422461
0.403108
0.597790
0.007347
0.250837
0.704674
0.452850
0.960439
0.956151
0.635103
0.252429
0.544055
0.277205
0.421777
0.668394
0.910149
0.341928
0.539783
0.449029
0.255322
0.395099
0.906851
0.288895
0.308010
0.790727
0.707365
0.677674
0.291945
0.454675
0.828248
0.583867
0.522240
0.726874
0.973956
0.915911
0.888130
0.008098
0.061371
0.197690
0.006414
0.898901
0.331284
0.845304
0.099269
0.296383
0.392354
