001111110010000100001010111
001111110011010100111110011
001111110101101111110011001
001111110111100111100001010
001111101001010010011111101
001111110011110110110111010
001111101000001011010111010
001111110000101000111101101
001111101101110000101100011
001111110011010111110111000
001111101111100001010010000
001111011010101111101101011
001111110101010111000100100
001111101101111000011110101
001111110101010101010000111
001111101011000010000010011
001111011001100000111000100
001111110100111001011000111
001111110110010010110100100
001111101110111010101101111
001111101001111011011000011
001111110100011111011010010
001111110101010011110100000
001111110111011011111101100
001111101011111010000110001
001111010000101001110000000
001111110010101001110001111
001111101101101110011100000
001111110010101011100010110
001111101011111110000001000
001111101110111100001001100
001111101100011111100101111
001111110010000010000110100
001111110010110100110001010
001111101101101111101111110
001111101011010000101101011
001111101110010101111110110
001111011001101000111100011
001111101100100001100100000
001111011100000001110001010
001111101111010111110101100
001111100011100111101101110
001111100110101111010010011
001111110110010100001100110
001111101010000011111111110
001111110010010110001001000
001111110110011001010000110
001111101111101111001011111
001111110000100011010010101
001111110100101100000001100
001111110100010101101000110
001111101001101110001101000
001111101111110110001010111
001111110101110100010100110
001111100101111011000011110
001111110000101001110100100
001111101001111110100011010
001111110011101111010000110
001111101000011100000010111
001111110111100101011001011
001111011000000100010001101
001111100010000010100010001
001111011100101111010010111
001111110010110000100011010
001111101011110000111010101
001111010011001010000001011
001111110001010001011101101
001111100001010010011111000
001111100110110101101100110
001111101001101101110110101
001111011101011011110000110
001111110000101011000010100
001111110010000110000010000
001111110011111100000100000
001111011101001010110010000
001111110101110101100110110
001111000110001000000111110
001111110011111001110001001
001111110001010011111100111
001111100111010010111011100
001111110001000110100010111
001111101110101100001111000
001111110111001111110010111
001111101110000101111110001
001111110110010101011100110
001111110001110000000001100
001111010101110000101000111
001111110100101101100111101
001111110010001010100110110
001111110010111011000100110
001111101000010101010101001
001111110011100000100110110
001111010111000110011101011
001111101000010110101101100
001111110001000110001000101
001111110000111001110000101
001111110110011100001010100
001111110000011111111100010
001111101010110011011111111
001111110010011101110001101
